0.23 1.48 2.26 4.91 1.95
0.27 1.6 2.88 4.18 2.97
0.3 1.7 2.35 4.09 2.52
0.29 1.57 2.35 4.13 2.28
0.3 1.48 2.47 4.45 2.15
0.31 1.68 3.04 4.78 3.14
0.3 1.52 3.15 4.72 3.13
0.3 1.43 3.03 4.7 3.12
0.35 1.73 3.38 4.91 3.01
0.39 2.05 3.69 5.98 2.71
0.39 1.94 3.53 6.1 3.12
0.4 1.92 4.13 5.85 2.73
0.44 2.29 4.48 6.7 4.07
0.44 2.37 4.31 6.98 3.96
0.43 2.49 4.48 6.87 3.6
0.42 2.45 4.6 6.33 2.5
0.41 2.42 4.13 5.9 2.23
0.41 2.47 4.13 5.84 2.87
0.42 2.49 5.83 6.1 3.04
0.44 2.5 6.36 6.06 2.14
0.48 2.73 5.91 6.23 2.53
0.53 2.97 5.53 6.67 2.71
